<?xml version="1.0" encoding="utf-8"?>
<COLLADA xmlns:xsi="http://www.w3.org/2001/XMLSchema-instance" xmlns:xsd="http://www.w3.org/2001/XMLSchema" version="1.4.1" xmlns="http://www.collada.org/2005/11/COLLADASchema">
  <asset>
    <created>2019-12-07T07:51:11.4986386-07:00</created>
    <modified>2019-12-07T07:51:11.4986386-07:00</modified>
    <unit meter="1" name="meter" />
    <up_axis>Z_UP</up_axis>
    <contributor>
      <author>Heffay</author>
      <author_email>markemp@gmail.com</author_email>
      <author_website>https://github.com/Markemp/Cryengine-Converter</author_website>
      <source_data>timberwolf</source_data>
    </contributor>
    <contributor>
      <author>ryan.van.vliet@RVANVLIET</author>
      <source_data>D:\Projects\MWO\OmicronGame\Game\Objects\mechs\timberwolf\body\timberwolf_body_LOD1.max</source_data>
    </contributor>
    <revision>1.0.0.0</revision>
    <title>timberwolf</title>
  </asset>
  <library_images />
  <library_effects />
  <library_materials />
  <library_controllers>
    <controller id="Controller">
      <skin source="#timberwolf-mesh">
        <bind_shape_matrix>1 0 0 0 0 1 0 0 0 0 1 0 0 0 0 1</bind_shape_matrix>
        <source id="Controller-joints">
          <Name_array id="Controller-joints-array" count="64">Bip01 Bip01_Pelvis Bip01_L_Hip Bip01_Pitch Bip01_R_Hip Bip01_L_Thigh Bip01_L_Calf Bip01_L_Foot target06 Bip01_L_Heel Bip01_L_index1 Bip01_L_pinky1 Bip01_L_talon0 Bip01_L_Toe0 Bip01_L_index2 Bip01_L_index3 Bip01_L_index3Helper Bip01_L_pinky2 Bip01_L_pinky3 Bip01_L_pinky3Helper Bip01_L_talon2Helper Bip01_L_Toe0Helper Bip01_L_Toe0Nub Bip01_Spine Bip01_Spine1 Bip01_Spine2 Bip01_L_Clavicle Bip01_R_Clavicle COCKPIT COCKPIT_CAM jet1_m jet1_s jet2_m jet2_s jet3_l target01 target02 target03 Bip01_L_UpperArm Bip01_L_Forearm Bip01_L_Hand target04 Bip01_R_UpperArm Bip01_R_Forearm Bip01_R_Hand target05 Bip01_R_Thigh Bip01_R_Calf Bip01_R_Foot target07 Bip01_R_Heel Bip01_R_index1 Bip01_R_pinky1 Bip01_R_talon0 Bip01_R_Toe0 Bip01_R_index2 Bip01_R_index3 Bip01_R_index3Helper Bip01_R_pinky2 Bip01_R_pinky3 Bip01_R_pinky3Helper Bip01_R_talon2Helper Bip01_R_Toe0Helper Bip01_R_Toe0Nub</Name_array>
          <technique_common>
            <accessor count="64" offset="0" source="#Controller-joints-array" stride="1" />
          </technique_common>
        </source>
        <source id="Controller-bind_poses">
          <float_array id="Controller-bind_poses-array" count="1024" digits="0" magnitude="0">0 1 0 0 -1 0 0 0 0 0 1 0 0 0 0 1 0 0 1 -8.346858 0 1 0 0.000002 -1 0 0 -0.000001 0 0 0 1 -1 0 0 -1.627027 0 -0.022216 0.999753 -8.344796 0 0.999753 0.022216 -0.185437 0 0 0 1 0 -0.891905 0.452222 -4.127187 0.009909 0.452200 0.891861 -8.139535 -0.999951 0.004481 0.008838 -0.080661 0 0 0 1 1 0 0 -1.627022 0 0.022216 -0.999753 8.344796 0 0.999753 0.022216 -0.185438 0 0 0 1 -0.003118 -0.652256 -0.757992 6.317856 0.003048 0.757986 -0.652263 5.453145 0.999990 -0.004344 -0.000376 2.888252 0 0 0 1 0.002098 0.554768 -0.832002 6.014472 0.003823 0.831994 0.554772 -1.264842 0.999990 -0.004344 -0.000376 2.888253 0 0 0 1 0 -0.000001 -1 1.399999 0 1 -0.000001 -0.599996 1 0 0 2.885148 0 0 0 1 0.999961 -0.008298 -0.003012 2.504233 0.008648 0.989305 0.145603 1.111563 0.001772 -0.145624 0.989338 -5.841687 0 0 0 1 1 0 0 2.885148 0 1 -0.000001 -0.599996 0 0.000001 1 0.000002 0 0 0 1 0.256676 0.957929 -0.128409 -0.833228 -0.011007 0.135749 0.990682 -0.751913 0.966435 -0.252871 0.045388 2.090546 0 0 0 1 -0.256595 0.957623 -0.130836 -2.347204 -0.011012 0.132463 0.991127 -0.773801 0.966456 0.255758 -0.023444 3.607112 0 0 0 1 0 -0.972471 -0.233025 -0.390619 0 -0.233025 0.972471 -0.564066 -1 0 0 -2.885148 0 0 0 1 0 0.959551 -0.281534 -1.044431 -0.010661 0.281518 0.959497 -0.941531 0.999943 0.003002 0.010229 2.875273 0 0 0 1 0.257573 0.957690 -0.128399 -1.369874 0.012224 0.129642 0.991485 -0.701470 0.966181 -0.256950 0.021686 2.109286 0 0 0 1 0.210433 0.842365 -0.496124 -1.189731 0.011021 0.505411 0.862808 -1.430004 0.977546 -0.187031 0.097072 1.947561 0 0 0 1 0.210433 0.842365 -0.496124 -2.132204 0.011021 0.505411 0.862808 -1.430004 0.977546 -0.187031 0.097072 1.947561 0 0 0 1 -0.257518 0.957376 -0.130827 -2.893456 -0.035051 0.126049 0.991405 -0.863275 0.965638 0.259890 0.001097 3.583981 0 0 0 1 -0.225088 0.836700 -0.499268 -2.485888 -0.031675 0.505863 0.862032 -1.584614 0.973823 0.209848 -0.087362 3.763780 0 0 0 1 -0.225089 0.836700 -0.499268 -3.424760 -0.031675 0.505863 0.862032 -1.584614 0.973823 0.209848 -0.087362 3.763782 0 0 0 1 0 -0.972471 -0.233025 -1.168555 0 -0.233025 0.972471 -0.564066 -1 0 0 -2.885148 0 0 0 1 0 0.959551 -0.281534 -2.961370 -0.010661 0.281518 0.959497 -0.941530 0.999943 0.003002 0.010229 2.875274 0 0 0 1 1 0 0 2.885148 0 1 0.000001 -3.098014 0 -0.000001 1 0.000009 0 0 0 1 0 0 1 -9.282160 0 1 0 0.307090 -1 0 0 0 0 0 0 1 0.000001 0 1 -10.726149 0 1 0 0.307090 -1 0 0.000001 -0.000005 0 0 0 1 0.000001 0 1 -10.957759 -0.000001 1 0 0.307090 -1 -0.000001 0.000001 -0.000009 0 0 0 1 -0.531478 -0.000001 -0.847072 8.086329 0 -1 0 -1.700724 -0.847072 0 0.531478 -10.162396 0 0 0 1 0.531477 0.000001 -0.847073 8.086336 0 -1 -0.000001 -1.700709 -0.847073 0 -0.531477 10.162374 0 0 0 1 1 0.000001 -0.000001 0.000010 -0.000001 1 0 -2.857098 0.000001 0 1 -12.291666 0 0 0 1 1 0.000001 -0.000001 0.000009 -0.000001 1 0 -2.857097 0.000001 0 1 -12.291667 0 0 0 1 -1 -0.000001 0.000001 -1.454218 0 -0.707107 -0.707107 5.404586 0.000001 -0.707107 0.707107 -8.957491 0 0 0 1 -1 -0.000001 0.000001 -1.710584 0 -0.707107 -0.707107 5.344195 0.000001 -0.707107 0.707107 -9.317745 0 0 0 1 -1 -0.000001 0.000001 1.511648 0 -0.707107 -0.707107 5.402447 0.000002 -0.707107 0.707107 -8.954850 0 0 0 1 -1 -0.000001 0.000001 1.767603 0 -0.707107 -0.707107 5.342055 0.000002 -0.707107 0.707107 -9.315106 0 0 0 1 -1 -0.000001 0.000001 0.041891 0 -0.707107 -0.707107 5.313381 0.000001 -0.707107 0.707107 -9.133546 0 0 0 1 1 0.000001 -0.000001 0.000006 -0.000001 1 0 -1.442909 0.000001 0 1 -11.937682 0 0 0 1 1 0.000001 -0.000001 -1.749993 -0.000001 1 0 -0.788977 0.000001 0 1 -11.937676 0 0 0 1 1 0.000001 -0.000001 1.750005 -0.000001 1 0 -0.788976 0.000001 0 1 -11.937681 0 0 0 1 -0.000001 -0.016842 -0.999858 11.221415 0.000188 -0.999858 0.016842 -1.889054 -1 -0.000188 0.000004 -4.937831 0 0 0 1 -0.000188 1 -0.000001 1.745410 -0.000004 -0.000001 -1 8.543955 -1 -0.000188 0.000004 -4.937831 0 0 0 1 0 1 -0.000001 -1.278729 -0.011111 -0.000001 -0.999938 8.488578 -0.999938 0 0.011111 -5.032661 0 0 0 1 0.999938 0.000191 0.011106 5.302608 -0.000191 1 0 1.515383 -0.011106 -0.000003 0.999938 -8.098288 0 0 0 1 0 -0.016841 -0.999858 11.221406 -0.000191 -0.999858 0.016841 -1.889019 -1 0.000191 -0.000003 4.937818 0 0 0 1 0.000192 1 0 1.745375 0.000003 0 -1 8.543945 -1 0.000192 -0.000003 4.937819 0 0 0 1 0.000004 1 0.000001 -1.278764 -0.000001 0.000001 -1 8.543962 -1 0.000004 0.000001 4.938029 0 0 0 1 1 -0.000195 0.000003 -4.877823 0.000195 1 0.000002 1.695347 -0.000003 -0.000002 1 -8.533949 0 0 0 1 -0.003118 -0.652256 -0.757993 6.335854 0.003049 0.757987 -0.652263 5.435551 0.999990 -0.004345 -0.000375 -2.881985 0 0 0 1 0.002098 0.554769 -0.832002 6.002367 0.003823 0.831993 0.554773 -1.286910 0.999990 -0.004345 -0.000375 -2.881984 0 0 0 1 0 0 -1 1.400005 0 1 0 -0.600001 1 0 0 -2.885144 0 0 0 1 0.999961 -0.008299 -0.003011 -3.075839 0.008649 0.989305 0.145604 1.091651 0.001771 -0.145625 0.989338 -5.711909 0 0 0 1 1 0 0 -2.885144 0 1 0 -0.600001 0 0 1 -0.000008 0 0 0 1 -0.256676 0.957929 -0.128408 -0.833235 -0.011016 0.129951 0.991459 -0.704093 0.966435 0.255898 -0.022803 -2.107132 0 0 0 1 0.256594 0.957623 -0.130835 -2.347206 -0.011004 0.138253 0.990336 -0.691449 0.966456 -0.252675 0.046013 -3.623798 0 0 0 1 0 -0.972471 -0.233025 -0.390614 0 -0.233025 0.972471 -0.564074 -1 0 0 2.885144 0 0 0 1 0 0.959551 -0.281533 -1.044434 -0.010661 0.281517 0.959497 -0.880024 0.999943 0.003001 0.010230 -2.894692 0 0 0 1 -0.257574 0.957690 -0.128398 -1.369879 -0.034420 0.123703 0.991722 -0.652829 0.965645 0.259861 0.001101 -2.124844 0 0 0 1 -0.225536 0.838453 -0.496115 -1.156751 -0.031134 0.502773 0.863858 -1.392009 0.973737 0.210277 -0.087289 -1.994333 0 0 0 1 -0.225536 0.838453 -0.496115 -2.099227 -0.031134 0.502773 0.863858 -1.392009 0.973737 0.210277 -0.087289 -1.994334 0 0 0 1 0.257518 0.957376 -0.130826 -2.893460 0.012854 0.131986 0.991168 -0.780703 0.966188 -0.256925 0.021683 -3.602867 0 0 0 1 0.225086 0.836690 -0.499286 -2.485926 0.011561 0.510106 0.860034 -1.506640 0.974270 -0.199354 0.105144 -3.795710 0 0 0 1 0.225086 0.836690 -0.499286 -3.424798 0.011561 0.510106 0.860034 -1.506639 0.974270 -0.199354 0.105144 -3.795709 0 0 0 1 0 -0.972471 -0.233025 -1.168550 0 -0.233025 0.972471 -0.564073 -1 0.000001 0 2.885144 0 0 0 1 0 0.959552 -0.281533 -2.961374 -0.010661 0.281517 0.959497 -0.880024 0.999943 0.003001 0.010230 -2.894693 0 0 0 1 1 -0.000001 0.000001 -2.885145 0.000001 1 -0.000005 -3.098022 -0.000001 0.000005 1 -0.000021 0 0 0 1</float_array>
          <technique_common>
            <accessor count="64" offset="0" source="#Controller-bind_poses-array" stride="16">
              <param name="TRANSFORM" type="float4x4" />
            </accessor>
          </technique_common>
        </source>
        <source id="Controller-weights">
          <float_array id="Controller-weights-array" count="3" digits="0" magnitude="0">1 0 0 0 1 0 0 0 1 0 0 0</float_array>
          <technique_common>
            <accessor count="12" offset="0" source="#Controller-weights-array" stride="1">
              <param name="WEIGHT" type="float" />
            </accessor>
          </technique_common>
        </source>
        <joints>
          <input semantic="JOINT" source="#Controller-joints" />
          <input semantic="INV_BIND_MATRIX" source="#Controller-bind_poses" />
        </joints>
        <vertex_weights count="3">
          <input semantic="JOINT" source="#Controller-joints" offset="0" set="0" />
          <input semantic="WEIGHT" source="#Controller-weights" offset="1" set="0" />
          <vcount>4 4 4</vcount>
          <v>1 0 0 1 0 2 0 3 1 4 0 5 0 6 0 7 1 8 0 9 0 10 0 11</v>
        </vertex_weights>
      </skin>
      <extra>
        <technique profile="FCOLLADA">
          <user_properties>SkinController</user_properties>
        </technique>
      </extra>
    </controller>
  </library_controllers>
  <library_geometries>
    <geometry id="timberwolf-mesh" name="timberwolf">
      <mesh>
        <source id="timberwolf-mesh-pos" name="timberwolf-pos">
          <float_array id="timberwolf-mesh-pos-array" count="9">0.065925 -0.398983 8.200026 0.000001 -0.239888 8.200026 -0.065923 -0.398983 8.200026</float_array>
          <technique_common>
            <accessor count="3" offset="0" source="#timberwolf-mesh-pos-array" stride="3">
              <param name="X" type="float" />
              <param name="Y" type="float" />
              <param name="Z" type="float" />
            </accessor>
          </technique_common>
        </source>
        <source id="timberwolf-mesh-norm" name="timberwolf-norm">
          <float_array id="timberwolf-mesh-norm-array" count="9">0 0 1 0 0 1 0 0 1</float_array>
          <technique_common>
            <accessor count="3" offset="0" source="#timberwolf-mesh-norm-array" stride="3">
              <param name="X" type="float" />
              <param name="Y" type="float" />
              <param name="Z" type="float" />
            </accessor>
          </technique_common>
        </source>
        <source id="timberwolf-mesh-UV" name="timberwolf-UV">
          <float_array id="timberwolf-mesh-UV-array" count="6">1 0.750000 1 1 0.750000 0.750000</float_array>
          <technique_common>
            <accessor count="3" offset="0" source="#timberwolf-mesh-UV-array" stride="2">
              <param name="S" type="float" />
              <param name="T" type="float" />
            </accessor>
          </technique_common>
        </source>
        <vertices id="timberwolf-vertices">
          <input semantic="POSITION" source="#timberwolf-mesh-pos" />
        </vertices>
        <polylist count="1">
          <input semantic="VERTEX" source="#timberwolf-vertices" offset="0" set="0" />
          <input semantic="NORMAL" source="#timberwolf-mesh-norm" offset="1" set="0" />
          <input semantic="TEXCOORD" source="#timberwolf-mesh-UV" offset="2" set="0" />
          <p>0 0 0 1 1 1 2 2 2</p>
          <vcount>3</vcount>
        </polylist>
      </mesh>
    </geometry>
  </library_geometries>
  <library_visual_scenes>
    <visual_scene id="Scene">
      <node id="Armature" sid="Bip01" name="Bip01" type="JOINT">
        <matrix>0 -1 0 0 1 0 0 0 0 0 1 0 0 0 0 1</matrix>
        <node id="Armature_Bip01_Pelvis" sid="Bip01_Pelvis" name="Bip01_Pelvis" type="JOINT">
          <matrix>0 1 0 0 0 0 1 -0.000001 1 0 0 8.346858 0 0 0 1</matrix>
          <node id="Armature_Bip01_L_Hip" sid="Bip01_L_Hip" name="Bip01_L_Hip" type="JOINT">
            <matrix>0 0.999753 0.022217 -0.000001 0 -0.022217 0.999753 0 1 0 0 1.627025 0 0 0 1</matrix>
            <node id="Armature_Bip01_L_Thigh" sid="Bip01_L_Thigh" name="Bip01_L_Thigh" type="JOINT">
              <matrix>0.003118 -0.003048 -0.999990 1.258120 -0.743314 -0.668942 -0.000279 -0.000001 -0.668935 0.743308 -0.004352 0 0 0 0 1</matrix>
              <node id="Armature_Bip01_L_Calf" sid="Bip01_L_Calf" name="Bip01_L_Calf" type="JOINT">
                <matrix>0.268794 -0.963197 0 3.482909 0.963198 0.268794 0 0.000001 0 0 1 -0.000001 0 0 0 1</matrix>
                <node id="Armature_Bip01_L_Foot" sid="Bip01_L_Foot" name="Bip01_L_Foot" type="JOINT">
                  <matrix>0.832002 0.554768 0.002097 5.176477 -0.554772 0.831993 0.003823 0 0.000376 -0.004344 0.999990 0 0 0 0 1</matrix>
                  <node id="Armature_Bip01_L_Heel" sid="Bip01_L_Heel" name="Bip01_L_Heel" type="JOINT">
                    <matrix>0 0 -1 1.400001 0 1 0 0 1 0 0 0 0 0 0 1</matrix>
                  </node>
                  <node id="Armature_Bip01_L_index1" sid="Bip01_L_index1" name="Bip01_L_index1" type="JOINT">
                    <matrix>0.128409 -0.990682 -0.045387 0.856969 0.957929 0.135748 -0.252871 0.828887 0.256676 -0.011007 0.966435 1.070365 0 0 0 1</matrix>
                    <node id="Armature_Bip01_L_index2" sid="Bip01_L_index2" name="Bip01_L_index2" type="JOINT">
                      <matrix>0.999999 0.000010 -0.000929 0.538612 -0.000032 0.999711 -0.024032 0 0.000928 0.024032 0.999711 0 0 0 0 1</matrix>
                      <node id="Armature_Bip01_L_index3" sid="Bip01_L_index3" name="Bip01_L_index3" type="JOINT">
                        <matrix>0.924628 0.376082 0.060208 0.150725 -0.380121 0.921119 0.083947 0 -0.023888 -0.100506 0.994649 0 0 0 0 1</matrix>
                        <node id="Armature_Bip01_L_index3Helper" sid="Bip01_L_index3Helper" name="Bip01_L_index3Helper" type="JOINT">
                          <matrix>1 0 0 0.942474 0 1 0 0 0 0 1 0 0 0 0 1</matrix>
                        </node>
                      </node>
                    </node>
                  </node>
                  <node id="Armature_Bip01_L_pinky1" sid="Bip01_L_pinky1" name="Bip01_L_pinky1" type="JOINT">
                    <matrix>0.130835 -0.991127 0.023444 0.855595 0.957623 0.132462 0.255758 0.827691 -0.256594 -0.011012 0.966456 -1.211770 0 0 0 1</matrix>
                    <node id="Armature_Bip01_L_pinky2" sid="Bip01_L_pinky2" name="Bip01_L_pinky2" type="JOINT">
                      <matrix>0.999999 -0.000011 0.000955 0.542817 -0.000013 0.999690 0.024880 0 -0.000955 -0.024880 0.999690 0 0 0 0 1</matrix>
                      <node id="Armature_Bip01_L_pinky3" sid="Bip01_L_pinky3" name="Bip01_L_pinky3" type="JOINT">
                        <matrix>0.924318 0.379681 -0.038444 0.150639 -0.381622 0.919496 -0.094293 0 -0.000452 0.101828 0.994802 0 0 0 0 1</matrix>
                        <node id="Armature_Bip01_L_pinky3Helper" sid="Bip01_L_pinky3Helper" name="Bip01_L_pinky3Helper" type="JOINT">
                          <matrix>1 0 0 0.938872 0 1 0 0 0 0 1 -0.000002 0 0 0 1</matrix>
                        </node>
                      </node>
                    </node>
                  </node>
                  <node id="Armature_Bip01_L_talon0" sid="Bip01_L_talon0" name="Bip01_L_talon0" type="JOINT">
                    <matrix>0.233025 -0.972471 -0.000001 0.942483 -0.972471 -0.233025 0 -1.111303 0 0.000001 -1 0 0 0 0 1</matrix>
                    <node id="Armature_Bip01_L_talon2Helper" sid="Bip01_L_talon2Helper" name="Bip01_L_talon2Helper" type="JOINT">
                      <matrix>1 0 0 0.777935 0 1 0 0 0 0 1 0 0 0 0 1</matrix>
                    </node>
                  </node>
                  <node id="Armature_Bip01_L_Toe0" sid="Bip01_L_Toe0" name="Bip01_L_Toe0" type="JOINT">
                    <matrix>0.281533 -0.959497 -0.010229 0.820056 0.959551 0.281517 0.003001 0.658617 0 -0.010660 0.999943 0.000001 0 0 0 1</matrix>
                    <node id="Armature_Bip01_L_Toe0Helper" sid="Bip01_L_Toe0Helper" name="Bip01_L_Toe0Helper" type="JOINT">
                      <matrix>1 0 0 1.916939 0 1 0 -0.000001 0 0 1 0 0 0 0 1</matrix>
                    </node>
                    <node id="Armature_Bip01_L_Toe0Nub" sid="Bip01_L_Toe0Nub" name="Bip01_L_Toe0Nub" type="JOINT">
                      <matrix>0 0.959551 -0.281535 1.928274 -0.010661 0.281519 0.959496 -0.038632 0.999943 0.003001 0.010230 -0.000412 0 0 0 1</matrix>
                    </node>
                  </node>
                </node>
                <node id="Armature_target06" sid="target06" name="target06" type="JOINT">
                  <matrix>0 0.427711 -0.903916 0.258652 -0.004752 0.903905 0.427706 0.240834 0.999989 0.004296 0.002033 0.391148 0 0 0 1</matrix>
                </node>
              </node>
            </node>
          </node>
          <node id="Armature_Bip01_Pitch" sid="Bip01_Pitch" name="Bip01_Pitch" type="JOINT">
            <matrix>0.452222 0.891861 0.008838 0.779598 -0.891905 0.452200 0.004481 0 0 -0.009909 0.999951 0.000001 0 0 0 1</matrix>
            <node id="Armature_Bip01_Spine" sid="Bip01_Spine" name="Bip01_Spine" type="JOINT">
              <matrix>0.452222 -0.891905 0 0.344308 0.891861 0.452200 -0.009909 0 0.008838 0.004482 0.999951 -0.000001 0 0 0 1</matrix>
              <node id="Armature_Bip01_Spine1" sid="Bip01_Spine1" name="Bip01_Spine1" type="JOINT">
                <matrix>1 0 0 1.443989 0 1 0 0 0 0 1 0 0 0 0 1</matrix>
                <node id="Armature_Bip01_Spine2" sid="Bip01_Spine2" name="Bip01_Spine2" type="JOINT">
                  <matrix>1 0 0 0.231610 0 1 0 0 0 0 1 -0.000001 0 0 0 1</matrix>
                  <node id="Armature_Bip01_L_Clavicle" sid="Bip01_L_Clavicle" name="Bip01_L_Clavicle" type="JOINT">
                    <matrix>-0.847073 0 0.531477 1.293029 0 -1 0 -1.393630 0.531477 0 0.847073 4.310583 0 0 0 1</matrix>
                    <node id="Armature_Bip01_L_UpperArm" sid="Bip01_L_UpperArm" name="Bip01_L_UpperArm" type="JOINT">
                      <matrix>0.846953 -0.014365 0.531474 1.179516 0.016841 0.999858 0.000187 0 -0.531402 0.008792 0.847074 0 0 0 0 1</matrix>
                      <node id="Armature_Bip01_L_Forearm" sid="Bip01_L_Forearm" name="Bip01_L_Forearm" type="JOINT">
                        <matrix>-0.016841 0.999858 0 2.708066 -0.999858 -0.016841 0 0 0 0 1 0 0 0 0 1</matrix>
                        <node id="Armature_Bip01_L_Hand" sid="Bip01_L_Hand" name="Bip01_L_Hand" type="JOINT">
                          <matrix>1 0.000002 0.000187 3.025063 0 0.999938 -0.011107 0.000004 -0.000187 0.011107 0.999938 0 0 0 0 1</matrix>
                        </node>
                        <node id="Armature_target04" sid="target04" name="target04" type="JOINT">
                          <matrix>0.000004 1 -0.000001 0.229998 -0.011110 -0.000001 -0.999938 0.505080 -0.999938 0.000004 0.011110 0.454416 0 0 0 1</matrix>
                        </node>
                      </node>
                    </node>
                  </node>
                  <node id="Armature_Bip01_R_Clavicle" sid="Bip01_R_Clavicle" name="Bip01_R_Clavicle" type="JOINT">
                    <matrix>-0.847072 -0.000001 -0.531477 1.293025 0 -1 0.000001 -1.393631 -0.531477 0.000001 0.847072 -4.310570 0 0 0 1</matrix>
                    <node id="Armature_Bip01_R_UpperArm" sid="Bip01_R_UpperArm" name="Bip01_R_UpperArm" type="JOINT">
                      <matrix>0.846953 -0.014367 -0.531474 1.179517 0.016841 0.999858 -0.000191 0 0.531401 -0.008789 0.847074 0.000001 0 0 0 1</matrix>
                      <node id="Armature_Bip01_R_Forearm" sid="Bip01_R_Forearm" name="Bip01_R_Forearm" type="JOINT">
                        <matrix>-0.016841 0.999858 0 2.708067 -0.999858 -0.016841 0 0 0 0 1 0 0 0 0 1</matrix>
                        <node id="Armature_Bip01_R_Hand" sid="Bip01_R_Hand" name="Bip01_R_Hand" type="JOINT">
                          <matrix>1 0 -0.000188 3.025062 0 1 -0.000004 0.000001 0.000188 0.000004 1 -0.000002 0 0 0 1</matrix>
                        </node>
                        <node id="Armature_target05" sid="target05" name="target05" type="JOINT">
                          <matrix>-0.000004 1 -0.000001 0.050000 0 -0.000001 -1 0.010000 -1 -0.000004 0 0.059999 0 0 0 1</matrix>
                        </node>
                      </node>
                    </node>
                  </node>
                  <node id="Armature_COCKPIT" sid="COCKPIT" name="COCKPIT" type="JOINT">
                    <matrix>0 0 1 1.333907 0 1 0 3.164186 -1 0 0 0.000001 0 0 0 1</matrix>
                  </node>
                  <node id="Armature_COCKPIT_CAM" sid="COCKPIT_CAM" name="COCKPIT_CAM" type="JOINT">
                    <matrix>0 0 1 1.333909 0 1 0 3.164187 -1 0 0 0.000001 0 0 0 1</matrix>
                  </node>
                  <node id="Armature_jet1_m" sid="jet1_m" name="jet1_m" type="JOINT">
                    <matrix>0 -0.707107 0.707107 -0.802237 0 -0.707107 -0.707107 -2.205191 1 0 0 1.454208 0 0 0 1</matrix>
                  </node>
                  <node id="Armature_jet1_s" sid="jet1_s" name="jet1_s" type="JOINT">
                    <matrix>0 -0.707106 0.707107 -0.590201 0 -0.707107 -0.707107 -2.502631 1 0 0 1.710573 0 0 0 1</matrix>
                  </node>
                  <node id="Armature_jet2_m" sid="jet2_m" name="jet2_m" type="JOINT">
                    <matrix>0 -0.707107 0.707107 -0.805618 0 -0.707107 -0.707107 -2.204837 1 0 0 -1.511661 0 0 0 1</matrix>
                  </node>
                  <node id="Armature_jet2_s" sid="jet2_s" name="jet2_s" type="JOINT">
                    <matrix>0 -0.707106 0.707107 -0.593581 0 -0.707107 -0.707106 -2.502277 1 0 -0.000001 -1.767617 0 0 0 1</matrix>
                  </node>
                  <node id="Armature_jet3_l" sid="jet3_l" name="jet3_l" type="JOINT">
                    <matrix>0 -0.707107 0.707107 -0.742239 0 -0.707107 -0.707107 -2.394173 1 0 0 -0.041902 0 0 0 1</matrix>
                  </node>
                  <node id="Armature_target01" sid="target01" name="target01" type="JOINT">
                    <matrix>0 0 1 0.979923 0 1 0 1.749999 -1 0 0 0 0 0 0 1</matrix>
                  </node>
                  <node id="Armature_target02" sid="target02" name="target02" type="JOINT">
                    <matrix>0 0 1 0.979918 0 1 0 1.096066 -1 0 0 -1.749999 0 0 0 1</matrix>
                  </node>
                  <node id="Armature_target03" sid="target03" name="target03" type="JOINT">
                    <matrix>0 0 1 0.979922 0 1 0 1.096066 -1 0 0 1.750000 0 0 0 1</matrix>
                  </node>
                </node>
              </node>
            </node>
          </node>
          <node id="Armature_Bip01_R_Hip" sid="Bip01_R_Hip" name="Bip01_R_Hip" type="JOINT">
            <matrix>0 -0.999753 0.022217 -0.000002 0 0.022217 0.999753 0 -1 0 0 -1.627022 0 0 0 1</matrix>
            <node id="Armature_Bip01_R_Thigh" sid="Bip01_R_Thigh" name="Bip01_R_Thigh" type="JOINT">
              <matrix>-0.003118 0.003049 0.999990 1.258120 0.743315 0.668942 0.000278 -0.000002 -0.668934 0.743308 -0.004352 -0.000001 0 0 0 1</matrix>
              <node id="Armature_Bip01_R_Calf" sid="Bip01_R_Calf" name="Bip01_R_Calf" type="JOINT">
                <matrix>0.268793 -0.963198 0 3.482907 0.963198 0.268793 0 -0.000002 0 0 1 0 0 0 0 1</matrix>
                <node id="Armature_Bip01_R_Foot" sid="Bip01_R_Foot" name="Bip01_R_Foot" type="JOINT">
                  <matrix>0.832002 0.554769 0.002098 5.176475 -0.554773 0.831993 0.003823 0 0.000375 -0.004344 0.999990 0.000001 0 0 0 1</matrix>
                  <node id="Armature_Bip01_R_Heel" sid="Bip01_R_Heel" name="Bip01_R_Heel" type="JOINT">
                    <matrix>0 0 -1 1.399999 0 1 0 0 1 0 0 0 0 0 0 1</matrix>
                  </node>
                  <node id="Armature_Bip01_R_index1" sid="Bip01_R_index1" name="Bip01_R_index1" type="JOINT">
                    <matrix>0.128408 -0.991459 0.022803 0.856969 0.957929 0.129951 0.255898 0.828889 -0.256676 -0.011016 0.966434 -1.070366 0 0 0 1</matrix>
                    <node id="Armature_Bip01_R_index2" sid="Bip01_R_index2" name="Bip01_R_index2" type="JOINT">
                      <matrix>0.999999 -0.000011 0.000930 0.538612 -0.000011 0.999706 0.024224 0 -0.000930 -0.024224 0.999706 -0.000001 0 0 0 1</matrix>
                      <node id="Armature_Bip01_R_index3" sid="Bip01_R_index3" name="Bip01_R_index3" type="JOINT">
                        <matrix>0.924770 0.378602 -0.038222 0.150640 -0.380526 0.919973 -0.094071 -0.000001 -0.000453 0.101538 0.994831 0 0 0 0 1</matrix>
                        <node id="Armature_Bip01_R_index3Helper" sid="Bip01_R_index3Helper" name="Bip01_R_index3Helper" type="JOINT">
                          <matrix>1 0 0 0.942475 0 1 0 0 0 0 1 0.000001 0 0 0 1</matrix>
                        </node>
                      </node>
                    </node>
                  </node>
                  <node id="Armature_Bip01_R_pinky1" sid="Bip01_R_pinky1" name="Bip01_R_pinky1" type="JOINT">
                    <matrix>0.130835 -0.990336 -0.046013 0.855596 0.957623 0.138253 -0.252674 0.827691 0.256594 -0.011004 0.966456 1.211769 0 0 0 1</matrix>
                    <node id="Armature_Bip01_R_pinky2" sid="Bip01_R_pinky2" name="Bip01_R_pinky2" type="JOINT">
                      <matrix>0.999999 0.000011 -0.000956 0.542818 -0.000035 0.999695 -0.024679 0 0.000955 0.024679 0.999695 0 0 0 0 1</matrix>
                      <node id="Armature_Bip01_R_pinky3" sid="Bip01_R_pinky3" name="Bip01_R_pinky3" type="JOINT">
                        <matrix>0.924310 0.378826 0.046280 0.150725 -0.381552 0.919914 0.090427 0 -0.008317 -0.101240 0.994827 0 0 0 0 1</matrix>
                        <node id="Armature_Bip01_R_pinky3Helper" sid="Bip01_R_pinky3Helper" name="Bip01_R_pinky3Helper" type="JOINT">
                          <matrix>1 0 0 0.938872 0 1 0 0 0 0 1 -0.000001 0 0 0 1</matrix>
                        </node>
                      </node>
                    </node>
                  </node>
                  <node id="Armature_Bip01_R_talon0" sid="Bip01_R_talon0" name="Bip01_R_talon0" type="JOINT">
                    <matrix>0.233025 -0.972471 0 0.942482 -0.972471 -0.233025 0 -1.111304 0 0 -1 0 0 0 0 1</matrix>
                    <node id="Armature_Bip01_R_talon2Helper" sid="Bip01_R_talon2Helper" name="Bip01_R_talon2Helper" type="JOINT">
                      <matrix>1 0 0 0.777936 0 1 0 0 0 0 1 0 0 0 0 1</matrix>
                    </node>
                  </node>
                  <node id="Armature_Bip01_R_Toe0" sid="Bip01_R_Toe0" name="Bip01_R_Toe0" type="JOINT">
                    <matrix>0.281533 -0.959497 -0.010230 0.820054 0.959551 0.281517 0.003002 0.658618 0 -0.010661 0.999943 0.000001 0 0 0 1</matrix>
                    <node id="Armature_Bip01_R_Toe0Helper" sid="Bip01_R_Toe0Helper" name="Bip01_R_Toe0Helper" type="JOINT">
                      <matrix>1 0 0 1.916939 0 1 -0.000001 -0.000001 0 0.000001 1 0.000002 0 0 0 1</matrix>
                    </node>
                    <node id="Armature_Bip01_R_Toe0Nub" sid="Bip01_R_Toe0Nub" name="Bip01_R_Toe0Nub" type="JOINT">
                      <matrix>-0.000001 0.959553 -0.281528 1.928274 -0.010661 0.281512 0.959498 -0.038631 0.999943 0.003002 0.010229 -0.000411 0 0 0 1</matrix>
                    </node>
                  </node>
                </node>
                <node id="Armature_target07" sid="target07" name="target07" type="JOINT">
                  <matrix>0 0.427711 -0.903915 0.372371 -0.004752 0.903905 0.427706 0.154741 0.999989 0.004296 0.002032 0.200738 0 0 0 1</matrix>
                </node>
              </node>
            </node>
          </node>
        </node>
      </node>
      <node id="timberwolf.chr" name="timberwolf.chr" type="NODE">
        <matrix>1 0 0 0 0 1 0 0 0 0 1 0 0 0 0 1</matrix>
        <instance_controller url="#Controller">
          <bind_material>
            <technique_common />
          </bind_material>
          <skeleton>#Armature</skeleton>
        </instance_controller>
      </node>
    </visual_scene>
  </library_visual_scenes>
  <scene>
    <instance_visual_scene name="Scene" url="#Scene" />
  </scene>
</COLLADA>